Vertices. Formato: ID coordenadaY coordenadaX nombre
60175732 6.2435539 -75.5788089 
60175733 6.2471545 -75.5800363 
60175734 6.2476934 -75.5802351 
60175735 6.2485941 -75.5802705 
60175737 6.2553611 -75.5765538 
60175740 6.2645155 -75.5722619 
60175744 6.2816143 -75.5683539 
60175745 6.2830465 -75.5683348 
60175746 6.2839143 -75.5680315 
60175747 6.2845207 -75.5673742 
60175748 6.2858843 -75.566009 
60175749 6.2877171 -75.5655439 
60175750 6.2885803 -75.5654949 
60175751 6.2895445 -75.5650539 
60175752 6.2910892 -75.5636453 
60175753 6.291762 -75.5632973 
60175754 6.2931856 -75.562923 
60175755 6.293893 -75.5625412 
60175756 6.2947771 -75.5615318 
60175757 6.2953345 -75.56078 
60175758 6.2956438 -75.5602285 
60175759 6.295898 -75.5597602 
60175760 6.2968902 -75.5594367 
60175761 6.2977232 -75.5591902 
60175762 6.2982316 -75.5588636 
60175763 6.2992403 -75.5582524 
60175764 6.3010575 -75.5576259 
60175765 6.3034803 -75.5568362 
60175766 6.3046662 -75.5567761 
60175767 6.3064918 -75.557068 
60175768 6.3076009 -75.5570508 
60175769 6.3083346 -75.5570336 
60175770 6.309017 -75.5572654 
60175771 6.3098019 -75.5573083 
60175772 6.3106379 -75.5567504 
60175773 6.3128731 -75.5551797 
60175774 6.3139139 -75.5547935 
60175775 6.31533 -75.5548364 
60175776 6.3170703 -75.5548364 
60175777 6.3188448 -75.554493 
60175778 6.3207386 -75.5541755 
60175779 6.3231529 -75.5537721 
60175780 6.3245127 -75.5534584 
60175781 6.3269917 -75.5517722 
60175782 6.3294657 -75.5500556 
60175783 6.3312386 -75.5491102 
60175784 6.3318235 -75.54856 
60175785 6.3326008 -75.5464602 
60175786 6.3337815 -75.5436052 
60175787 6.3347236 -75.5405909 
60175788 6.3350934 -75.539455 
60175789 6.3354767 -75.5388998 
60175790 6.3357868 -75.5385331 
60175791 6.3358691 -75.5379865 
60175792 6.3360376 -75.5368418 
60175793 6.3362237 -75.5356541 
60175794 6.3365623 -75.5347829 
60175795 6.3369897 -75.5336019 
60175796 6.3373257 -75.5321895 
60175797 6.3374865 -75.5304066 
60175798 6.3374918 -75.5294155 
60175799 6.3374708 -75.5287552 
60175800 6.3376014 -75.5279325 
60175801 6.3379546 -75.5271362 
60175802 6.3383558 -75.5262245 
60175803 6.3384142 -75.5251943 
60175804 6.3383854 -75.5244124 
60175805 6.3384121 -75.523556 
60175806 6.338829 -75.5232523 
60175872 6.3395213 -75.5233012 
60175873 6.3404149 -75.5232271 
60175874 6.3412863 -75.5228226 
60175875 6.3417139 -75.5221127 
60175876 6.3417102 -75.520859 
60175877 6.3418006 -75.5206066 
60175878 6.3421842 -75.5204231 
60175879 6.3433089 -75.5201217 
60175880 6.3449441 -75.5195847 
60175881 6.3455412 -75.5192698 
60175882 6.3460058 -75.5187932 
60175883 6.3460426 -75.5180751 
60175884 6.3459032 -75.5169049 
60175885 6.3457499 -75.5157475 
60175886 6.3456356 -75.515133 
60175887 6.3455631 -75.5147334 
60175888 6.3455999 -75.5142691 
60175889 6.3459237 -75.5140352 
60175890 6.3474238 -75.5135789 
60175891 6.3475757 -75.5132048 
60175892 6.3478202 -75.5128212 
60175893 6.3481334 -75.5124497 
60175894 6.3482315 -75.5119669 
60175895 6.3482795 -75.5110499 
60175896 6.3484773 -75.5102549 
60175898 6.3488188 -75.5097018 
60175899 6.349189 -75.5091509 
60175900 6.3496507 -75.5086346 
60175901 6.3499317 -75.5080354 
60175902 6.3501714 -75.5068597 
60175903 6.3507581 -75.5050222 
60175904 6.3517487 -75.503526 
60175905 6.3526697 -75.5016345 
60175906 6.3532498 -75.5009382 
60175907 6.3540567 -75.5008124 
60175908 6.3547154 -75.5004766 
60175909 6.3555034 -75.5002559 
60175917 6.2719017 -75.5692679 
60175918 6.2726806 -75.5692756 
60175919 6.2728745 -75.569259 
60175920 6.2730052 -75.5690959 
60175921 6.2733974 -75.568733 
60175922 6.2736564 -75.5684983 
60175923 6.2737693 -75.5685064 
60175924 6.2738619 -75.5684038 
60175925 6.2737031 -75.5683106 
60175926 6.2734707 -75.5677935 
60175927 6.2733478 -75.5676363 
60175928 6.2732375 -75.5674088 
60175929 6.2732163 -75.5672893 
60175930 6.2731249 -75.5671468 
60175931 6.2729562 -75.5670867 
60175932 6.2729958 -75.5672758 
60175933 6.2729326 -75.5674972 
60175934 6.2726729 -75.567603 
60175935 6.2725064 -75.5675067 
60175936 6.2724552 -75.5673824 
60175937 6.2722794 -75.5674703 
60175938 6.2720053 -75.5674994 
60175939 6.2718346 -75.5675423 
60175940 6.2717147 -75.5675362 
60175941 6.2716823 -75.5677813 
60175942 6.2717645 -75.5678652 
60175943 6.2717591 -75.5680139 
60175944 6.2717476 -75.5682771 
60175945 6.2718128 -75.568644 
267546712 6.1655728 -75.6034584 
267546713 6.1696006 -75.6025658 
267546714 6.1701808 -75.6023598 
267546715 6.1707099 -75.6020766 
267546716 6.1712304 -75.6016474 
267546717 6.1716998 -75.601141 
267546718 6.1722886 -75.600317 
267546719 6.174595 -75.5969804 Envigado
267546720 6.1761797 -75.594738 
267546721 6.1766832 -75.5940857 
267546722 6.1772549 -75.5934935 
267546723 6.1778522 -75.5929356 
267546724 6.1785093 -75.5924292 
267546725 6.1793712 -75.5918713 
267546726 6.1830063 -75.5895195 
267546727 6.183706 -75.588996 
267546728 6.1842521 -75.588481 
267546729 6.1847385 -75.5878973 
267546730 6.1860544 -75.5860998 
267546731 6.1872595 -75.5845103 
267546732 6.1876408 -75.584065 
267546733 6.1880541 -75.5836654 
267547079 6.1885714 -75.5833167 
267547080 6.1890514 -75.5831048 
267547081 6.1895981 -75.5829331 
267547082 6.1925219 -75.5822585 
267547083 6.1938326 -75.5818361 Aguacatala
267547084 6.1965728 -75.5808366 
267547085 6.1981227 -75.5803005 
267547086 6.1991518 -75.5800016 
267547087 6.200227 -75.579789 
267547088 6.2021505 -75.5795148 
267547089 6.211949 -75.578113 Poblado
267547090 6.2300218 -75.5756147 Industriales
267547091 6.232239 -75.5752982 
267547092 6.2328274 -75.5752233 
267547093 6.2341713 -75.5747874 
267547094 6.238535 -75.5731101 Exposiciones
267547095 6.2483159 -75.5692302 
267547097 6.2490373 -75.5688622 
267547098 6.2505447 -75.5682057 
267547100 6.2515591 -75.5678255 
267547101 6.2528674 -75.567612 
267547102 6.253312 -75.5674908 
267547103 6.2540799 -75.5671904 
267547104 6.2567836 -75.5661286 Prado
267547105 6.2606356 -75.5644783 
267547106 6.2639035 -75.5632743 Hospital
267547107 6.2652993 -75.5627615 
267547108 6.2658624 -75.5625985 
267547109 6.2663828 -75.5625641 
267547110 6.2668947 -75.5626242 
267547111 6.2673555 -75.5627615 
267547112 6.2678332 -75.5630276 
267547113 6.2682603 -75.5633616 
267547114 6.2686096 -75.5637743 
267547115 6.2694266 -75.5657961 Universidad
267547117 6.270374 -75.5686016 
267547118 6.2706341 -75.5691759 
267547119 6.2710156 -75.5696709 
267547120 6.271536 -75.5700743 
267547774 6.2721347 -75.5703444 
267547775 6.2726537 -75.5704348 
267547776 6.2732765 -75.5704348 
267547777 6.2741296 -75.5702803 
267547778 6.2783298 -75.5694011 Caribe
267547779 6.2806267 -75.5688648 
267547780 6.2816378 -75.5687489 
267547781 6.2826786 -75.5686816 
267547783 6.2833764 -75.5685436 
267547784 6.2839687 -75.5682742 
267547785 6.2844289 -75.5679089 
267547786 6.2848271 -75.5674796 
267547787 6.2854228 -75.5668433 
267547788 6.285709 -75.5665823 
267547789 6.2863302 -75.5662382 
267547790 6.2867556 -75.5660997 
267547791 6.2883971 -75.5658225 
267547792 6.2889028 -75.5656551 
267547793 6.2893414 -75.5653879 
267547794 6.2903271 -75.5645953 Tricentenario
267547795 6.2912524 -75.563843 
267547796 6.2916192 -75.563637 
267547797 6.2920117 -75.5635168 
267547798 6.2931208 -75.5632508 
267547799 6.293718 -75.5630276 
267547800 6.2942981 -75.5626156 
267547801 6.2948782 -75.562135 
267547802 6.2972755 -75.5598605 
267547803 6.2978113 -75.5594715 
267547805 6.2983559 -75.5590963 
267547806 6.2988952 -75.5588206 
267547807 6.2998592 -75.5584373 Acevedo
267547808 6.3007523 -75.558076 
267547809 6.3032047 -75.5572941 
267547810 6.3039811 -75.557174 
267547811 6.3048256 -75.5572083 
267547812 6.3083575 -75.5576804 
267547813 6.3090485 -75.5577147 
267547814 6.309714 -75.5576289 
267547815 6.3102941 -75.5573885 
267547816 6.3108573 -75.5569932 
267547817 6.3124308 -75.5558443 
267547818 6.313028 -75.5555195 
267547819 6.3137523 -75.5553029 
267547820 6.3141331 -75.5552342 
267547821 6.3159821 -75.555276 Madera
267548375 6.2189497 -75.5907149 
267548727 6.16212 -75.6089294 
267548728 6.162466 -75.6078877 
267548729 6.1629034 -75.6066887 
267548730 6.163371 -75.6054073 
267548731 6.1635353 -75.6050319 
267548732 6.163832 -75.6045142 
267548733 6.1641221 -75.6041708 
267548734 6.1644378 -75.6039219 
267548735 6.164984 -75.6036559 
267548906 6.1618367 -75.6095992 
277043276 6.0116153 -75.8414676 
277043277 6.014176 -75.8431842 
277043278 6.0174196 -75.8452441 
277043279 6.0210047 -75.8462741 
277043280 6.0268088 -75.8469607 
277043281 6.0300525 -75.8485057 
277043282 6.0331252 -75.8505656 
277043283 6.0353444 -75.8531405 
277043284 6.0394415 -75.8586337 
277043285 6.0428556 -75.8624103 
277043286 6.0476354 -75.8637835 
277043287 6.0515616 -75.8648135 
277043288 6.0556585 -75.8653285 
277043289 6.0585605 -75.8642985 
277043290 6.0614624 -75.8629252 
277043291 6.0669248 -75.859492 
277043292 6.0684611 -75.8588054 
277043293 6.0717044 -75.860522 
277043294 6.07307 -75.8596637 
277043295 6.0771667 -75.858462 
277043296 6.0819462 -75.8570888 
277043297 6.0858722 -75.8550288 
277043298 6.0875791 -75.8543422 
277043299 6.0942361 -75.8534839 
277043300 6.0983327 -75.8545138 
277043301 6.1014051 -75.8548572 
277043302 6.1037948 -75.8533122 
277043303 6.1084033 -75.8538272 
277043304 6.1124998 -75.8562304 
277043305 6.1136946 -75.8564021 
277043306 6.1169376 -75.8545138 
277043307 6.1191565 -75.8524539 
277043308 6.1222288 -75.8502223 
277043309 6.1246183 -75.8490207 
277043310 6.1273492 -75.8467891 
277043311 6.1307628 -75.8447291 
277043312 6.1341764 -75.8443858 
277043313 6.138102 -75.8445575 
277043314 6.1411742 -75.8450725 
277043315 6.1461238 -75.8430125 
277043316 6.150732 -75.8431842 
277043317 6.1544868 -75.8449008 
277043318 6.1591529 -75.8439188 
277043319 6.1630079 -75.8420884 
277043320 6.1688229 -75.8411242 
277043321 6.1721045 -75.8420584 
277043322 6.1769237 -75.8440346 
277043323 6.1787215 -75.8461024 
277043324 6.1816229 -75.8462741 
277043326 6.1884493 -75.8479907 
277043327 6.1922039 -75.8491923 
277043328 6.1981769 -75.8491923 
277043329 6.2003956 -75.8469607 
277043330 6.2026141 -75.8459308 
277043331 6.2039793 -75.8449008 
277043332 6.2089283 -75.8436992 
277043333 6.2120001 -75.8445575 
277043334 6.2154131 -75.8438708 
277043335 6.2193382 -75.8436992 